width  = 640
height = 480
fx = 206.99838335
fy = 194.68300024
cx = 330.47416584
cy = 220.13338017
dOne = -0.38010582
dTwo = 1.14470312
dThree = -1.67691534
dFour = 0.81784743
